[gd_scene load_steps=5 format=2]

[ext_resource path="res://Player.tscn" type="PackedScene" id=1]
[ext_resource path="res://Wall.tscn" type="PackedScene" id=2]
[ext_resource path="res://Floor.tscn" type="PackedScene" id=3]
[ext_resource path="res://Player.gd" type="Script" id=4]

[node name="Main" type="Spatial"]

[node name="Floor" parent="." instance=ExtResource( 3 )]
transform = Transform( 1, 0, 0, 0, 1, 0, 0, 0, 1, 0.011, -0.5, 0.021 )

[node name="Floor2" parent="." instance=ExtResource( 3 )]
transform = Transform( 1, 0, 0, 0, 0.929821, -0.368011, 0, 0.368011, 0.929821, 0.180978, 3.23897, -17.4685 )

[node name="Wall" parent="." instance=ExtResource( 2 )]
transform = Transform( 1, 0, 0, 0, 1, 0, 0, 0, 1, -1.68877, 1.06468, 2.24995 )

[node name="Wall2" parent="Wall" instance=ExtResource( 2 )]
transform = Transform( 1, 0, 0, 0, 1, 0, 0, 0, 1, 3.96437, 0, 0.0347238 )

[node name="Wall3" parent="Wall" instance=ExtResource( 2 )]
transform = Transform( 1, 0, 0, 0, 1, 0, 0, 0, 1, 7.95669, 0, 0.0660715 )

[node name="Wall4" parent="Wall" instance=ExtResource( 2 )]
transform = Transform( -0.0889118, 0, 0.99604, 0, 1, 0, -0.99604, 0, -0.0889118, -2.04858, -4.76837e-07, -2.4451 )

[node name="Player" parent="." instance=ExtResource( 1 )]
transform = Transform( 1, 0, 0, 0, 1, 0, 0, 0, 1, 2.77998, 1.21563, -2.74042 )
script = ExtResource( 4 )

[node name="Camera" type="Camera" parent="Player"]
transform = Transform( 0.993596, 0.102176, -0.0482484, 0, 0.426995, 0.904254, 0.112995, -0.898463, 0.42426, 0.818193, 6.24313, 5.44234 )
